{"Dmap": {"type": "Float64", "data": [[0.0, 2952590.6838439186, 2556735.451841575, 5260296.222214986, 1358089.1112965548, 2538432.605970148, 3510565.518511347, 446213.16969134717, 464627.02065968275, 1531435.7408862484, 2175268.4338055425, 3413420.21206605, 221644.2605330157, 416122.2347651905, 3159591.72664985, 2902680.6735520223, 1226662.5291350742, 821662.746578366, 1029079.2520734756, 2568830.2321980717, 1145087.557121713, 985386.7771827674, 663417.3187559511, 1154481.1932427562, 828952.2401951272, 2296315.241304632, 2622064.7225968046, 1640901.6284411948, 763797.2015830398, 1384153.2405680423, 1517304.2267613113, 596487.593190985, 3140922.2674729307, 3806939.152467313, 3120563.4511387385, 3935369.969982221, 1873280.413349056, 3357215.6394232376, 2341623.8156203325, 3949421.5184699534, 2935235.703191092, 972830.0130808108, 2848219.6571945087, 3033883.34248596, 7962694.3179731425, 1902300.4356213533, 2402951.1029527225, 3084947.7692243024, 1087503.9576623843, 1847306.4704938561, 1539819.4553236526, 4453166.455624438, 1792812.3364037375, 2147813.5309402933, 283597.9120459144, 3889490.072017459, 1151054.1146959616, 3600048.1692230785, 3416448.2317557493, 1908244.1500541577, 639008.949047777, 3962136.336220029, 3952960.9945822135, 1128915.3593811227, 187381.82925017367, 1637072.787276846, 1971182.170249916, 1155523.5685217055, 1581879.384986656, 1839943.5941204273, 1592511.1501760501, 201813.88519753102, 315686.4502755197, 2560453.96334942, 1331775.8127942602, 3396125.3165148324, 217985.31619175334, 165340.48888713666, 2029325.7682476002, 210422.87768829495, 5901736.160714841, 4101703.964690231, 2193513.720159032, 1837803.4110428838, 342544.1195638886, 324777.8227060712, 3476673.673273293, 2146143.4939241437, 572173.8241700825, 305168.811610634, 3864334.3977639657, 214704.43225663927, 504512.8973971669, 876292.4454154117, 3833465.0351254973, 3235292.867299526, 652100.2518146228, 798817.7123099734, 4006161.8521382497, 674078.39915558, 1459474.7070633087, 3150127.252294132, 2662057.4678326626, 3935536.423492711, 4115903.396883377, 4091429.454369261, 2783712.257484344, 2866167.194221272, 1343627.6208660977, 3790950.4794120635, 2086511.2323837567, 1864495.0003740643, 4515367.979302143, 3426761.1377326725, 1365190.2534371726, 115958.20148231737, 1769115.2298490768, 198738.57147209125, 1816440.1324460683, 816103.427417299, 471947.220209766, 2037778.1925897335, 3818734.583765762, 3850488.675046416, 674651.2738203929, 503870.78565196885, 2068064.3589277624, 1007313.7687263631, 1959087.1907459737], [2952590.6838439186, 0.0, 438601.70817708375, 4201737.559319373, 2045941.5514195457, 992096.7272307613, 1438493.0862090343, 2690164.805533476, 3373016.2067833794, 1828010.064873904, 1393442.4594374413, 1254103.1321888275, 3168266.213700318, 2545402.8223852525, 1869878.7730651717, 369238.76852811925, 2473391.130511323, 2254631.925402674, 2342977.6401349804, 693116.3672537601, 1816114.4577934307, 2011957.8144725512, 2290678.921084128, 2345577.545084764, 2149548.595580945, 948163.518075101, 539555.216971166, 1346342.347719803, 2194137.807079878, 1610788.4635668863, 1784763.247673216, 3514193.4058173667, 2125586.891242539, 866373.8657865956, 369534.0071095216, 1722526.6727213264, 1548322.456422671, 458325.87536878017, 901291.2019000506, 1198806.8599301951, 476141.2780541036, 2008224.951423983, 1520202.6059731212, 1357249.2254146656, 5190957.545095342, 1243809.0286353887, 1215420.2828525924, 1044226.6481872429, 1879582.938183389, 1551862.796050115, 2391083.138804965, 3294150.4577837605, 1159812.9328928245, 2660896.170661833, 2758414.3386280597, 1527157.6033464458, 2055934.8285745785, 782725.4237137911, 1531338.1153428012, 1083954.8798202118, 2330614.2838604134, 1068505.511481077, 1068933.6559973874, 1893472.4868221448, 3138779.1233015633, 1509812.0003687774, 2731851.3304652297, 1839434.4706119632, 1584179.3413615432, 1802700.314697705, 1905260.4713913698, 3070415.3813931593, 3011023.2790785353, 1731580.287429271, 1798550.0847560156, 1824040.5343793135, 2903977.2494172687, 3011248.948632352, 1655655.5766987766, 2921018.788709441, 5062377.878566457, 1428995.1125681275, 835361.3891826969, 1160843.9237760366, 2845715.2677400783, 2816906.198825151, 529008.0264855183, 1164824.7347807938, 2414173.787863543, 3245484.293403553, 1783420.8692495697, 3139641.2473707604, 3220650.0333360313, 2532406.389742416, 1263874.1485696346, 633745.0601367846, 2619974.498576333, 2403440.1036068583, 1377469.3857196984, 3582699.82399987, 1514218.4640525826, 782460.223515446, 991480.5390144299, 1006794.8965324775, 1443299.192495456, 1389391.6339090737, 4387126.8289742, 92180.2069081396, 2387747.802595704, 1907021.566638858, 1232176.2826197217, 1270034.0011157945, 3256037.682825016, 1661812.647167411, 1589979.7696093332, 3044641.348649734, 1223633.8178655878, 2764428.0132347504, 2422490.685217591, 2136615.9786347207, 2517581.4578645774, 972051.5971426392, 2068899.7697588888, 2022638.4537153302, 2759623.606997762, 2655424.7525057658, 888484.2758342902, 2620585.785915328, 1822122.577998255], [2556735.451841575, 438601.70817708375, 0.0, 4433442.404823604, 1607369.4030991115, 668407.9087790595, 1728000.1577933633, 2271942.3443811894, 2990084.901008168, 1390038.738268734, 1296133.8039230357, 1548368.7558660398, 2768509.2492090147, 2157672.575667816, 2015636.4182010193, 379020.08118166844, 2034887.4548100925, 1831610.6761946979, 1906475.230866357, 715165.7434572383, 1439999.9779830617, 1596545.62918322, 1893372.5872718908, 1907188.5350944407, 1740270.3536063544, 539465.809778444, 580163.8399072387, 1009836.832909991, 1809021.6712126264, 1264385.334414119, 1529641.4859140036, 3130889.6320296363, 2239327.3031871924, 1297489.340515274, 575264.5534640434, 2063718.9121624655, 1366791.369567855, 895637.2699591926, 499261.8695470149, 1625675.223080005, 737076.4344654058, 1639676.0423566862, 1623029.2870718965, 1529269.0692383556, 5629556.998927347, 805554.1860190236, 857833.9927115083, 1273122.8013966905, 1472658.7593190395, 1121634.4307335103, 1958260.1239018955, 3512186.9284619153, 776759.1298985302, 2260574.782902025, 2379613.1227036985, 1890160.0001902722, 1620848.5997867065, 1212712.3184299772, 1782985.2069114652, 774871.7792139513, 1949656.5993872934, 1506962.348407214, 1507535.3538520562, 1471688.2331171439, 2743937.8658908745, 1071678.5088950882, 2318079.621530838, 1482936.6837815838, 1312302.2779631212, 1379450.593288149, 1469992.3991070779, 2686306.112199424, 2639267.798556077, 1743520.888007627, 1363977.9220404322, 2030291.5235520923, 2494305.849751762, 2605075.528439869, 1246942.320102633, 2511616.08636437, 5281856.019270401, 1847899.6428444602, 397621.87578810484, 849445.2033674507, 2476685.0623345035, 2402424.7657464147, 959066.9883644198, 1030079.3798368948, 2005673.5979969334, 2854873.2510762606, 2100135.18464655, 2736442.77688648, 2857330.7396214036, 2097791.9062745557, 1659224.7729802306, 994247.6594132573, 2192343.64293436, 1974342.1122560843, 1787829.3688243416, 3201913.0773302973, 1101825.8815667382, 1078942.9859679572, 715654.6694885299, 1441229.6913077761, 1862455.5013587326, 1812118.6541086019, 3969339.585876476, 377486.2592113717, 1950178.783685714, 2189456.753297316, 810337.0239548218, 1029084.2484576236, 3489493.2754584886, 1897260.446621649, 1192439.5817523545, 2643791.9585677, 800369.4410433401, 2373926.6193281035, 2002454.2525146597, 1745000.0760219777, 2138468.494813085, 539805.5811264697, 2333804.865740456, 2300729.056617378, 2329305.5061912537, 2234776.766357346, 495396.40394382185, 2182912.66290206, 1682430.705205878], [5260296.222214986, 4201737.559319373, 4433442.404823604, 0.0, 5481768.379225255, 5101421.344114023, 2772398.664762634, 5400837.885217785, 5332998.478407733, 5373479.0857483, 3482100.855158287, 2955265.0289215706, 5426012.634857806, 4972192.397005055, 2457129.395843642, 4569646.67479747, 5808207.704080464, 5217798.896669219, 5537968.976046492, 3739975.166403746, 4595999.076154437, 4995663.079880457, 4948041.733890369, 5638602.340374996, 4999678.932610376, 4917110.146853266, 3857011.9373587095, 4295879.234018996, 4797779.847381313, 4374704.9190250905, 3946718.055190266, 5414351.075725282, 2308546.6663005054, 4024934.1860946654, 4524470.816407522, 2597197.3068131087, 3690050.517868731, 3947781.3838778245, 4893330.25890236, 3440011.829987721, 3737948.0527046258, 4604627.08125756, 2870332.8159918734, 2907556.7107166555, 4486010.591767143, 4950686.136726798, 5272301.895440511, 3170568.4464629423, 4851226.54553997, 5301196.945721732, 5937276.713142414, 924975.9716390701, 4459324.457391667, 6474633.270309221, 4982232.887926772, 2832924.24630055, 5307533.314318742, 3695353.8264720603, 2670819.4356092317, 4197675.854894539, 4817536.88904727, 3800821.0694580427, 3769904.3889378267, 5005175.307458664, 5348368.139872282, 5052345.178316696, 6445105.788989426, 4478647.091825601, 4032495.3840595437, 5565957.704277541, 5507018.081779237, 5188174.939350064, 5028707.76767223, 2938070.6101392414, 5135468.17800757, 2403256.456303076, 5405721.262700381, 5420409.849340526, 5529055.22255377, 5411863.125934456, 866711.7436669389, 3233235.7741699982, 4635516.865530296, 4200785.462792378, 4926804.132699414, 5421472.700103312, 4096809.652365455, 3702681.661569543, 5124370.272402449, 5355354.951033456, 2480277.7257125983, 5454433.098734246, 5041395.170443335, 5606943.538869501, 3170453.8985013305, 3594388.1380591984, 5510086.802057015, 5402084.100397557, 3187670.8961103936, 5421720.983758948, 4738446.54977606, 3419781.824090987, 5143624.441834763, 3949450.4523116373, 3228153.684513445, 3294914.0426997626, 7887656.312279369, 4180214.7885269746, 5810569.34380134, 2310274.4050782826, 5104567.340712048, 3963321.8565209634, 946244.5166312765, 2544301.6794547527, 4662555.248823574, 5370728.025376278, 4694999.353996148, 5104374.370919293, 6120029.060914488, 4829221.711487552, 4878944.0526440535, 4648097.604045794, 2137570.010588366, 2193411.6152186054, 5653145.184287601, 5416214.002594589, 4439049.144050965, 5782618.641552131, 3440603.452759583], [1358089.1112965548, 2045941.5514195457, 1607369.4030991115, 5481768.379225255, 0.0, 1317319.7856107408, 3105799.9603501526, 927951.3742868435, 1816292.6410326774, 228792.1963220799, 2004592.9034871645, 2953448.177949365, 1505404.1272312729, 1128994.0168315123, 3068064.4520747205, 1855745.3306771123, 427902.59851490153, 568669.7658140364, 365144.4072249641, 1982389.0545393694, 943513.1621028499, 599360.8159027433, 892850.1870024053, 310853.1427886664, 706282.5576027357, 1157195.5152994175, 1950966.0339077942, 1191201.0108284983, 962578.3580250373, 1119498.1049762138, 1592866.7630892608, 1937291.67588053, 3176562.9618802173, 2895017.219556986, 2076642.1914300825, 3506209.8759481665, 1796055.622140895, 2502496.563625451, 1208934.661865379, 3218770.647099994, 2237305.168001783, 1032054.2208731223, 2666212.088204961, 2730451.6849387856, 7236749.167563181, 802866.8085350143, 1128759.0554594682, 2620807.8396772305, 688351.6928154624, 565138.3318949662, 455517.71667459223, 4576518.604834262, 1089510.4289121195, 1054359.7077064, 1351733.0200294286, 3379772.150811167, 248328.2074700966, 2812573.6544750296, 3087318.4625246576, 1341389.5504933952, 1062053.6263253584, 3113852.2921220567, 3114835.146584049, 516176.72414265026, 1521328.2414521014, 542928.6195362983, 976055.7196965679, 1078135.3905302603, 1462099.362396301, 484183.37815105054, 237207.41053082875, 1551432.6555513553, 1599416.6588239146, 2544052.9518319056, 346838.92110957846, 3212034.9868455166, 1191849.2466188676, 1314805.6772170695, 683705.0177620777, 1208642.0255508977, 6254230.4186047325, 3427510.9667264037, 1212580.2300411987, 1316101.1301476413, 1492855.4512153773, 1071501.287303772, 2558709.67867621, 1811194.7903328764, 843034.6548609922, 1646784.643753576, 3494899.6932526054, 1451206.8400121427, 1831053.837362912, 570258.5040019691, 3208188.1033835746, 2537969.6162247807, 753649.8566380814, 562059.3927962584, 3355598.516506976, 2016472.277211901, 749827.077578904, 2547781.98054929, 1427360.4010646832, 3042204.7533168322, 3442268.7392616714, 3397784.579578675, 2481436.409924549, 1981080.5894598518, 359857.72312477167, 3510219.016895539, 880082.8780481695, 1527402.9916582594, 4596726.438317133, 3156162.8365116124, 819827.5698489912, 1390628.261797987, 893768.5998283199, 1257960.2113596625, 671524.7614639485, 882468.1454128162, 1185162.0372443553, 1090858.5861966673, 3605474.9820975782, 3603101.8489455692, 838510.924332988, 871898.2867661867, 1245168.9259396475, 596109.37023692, 2078589.2840921981], [2538432.605970148, 992096.7272307613, 668407.9087790595, 5101421.344114023, 1317319.7856107408, 0.0, 2387786.499099267, 2167963.87224228, 2999787.0752692004, 1090685.0844861905, 1859160.9259338917, 2206001.2791021443, 2726227.1746246903, 2190087.9347221437, 2674886.482385833, 664660.2565977711, 1709989.5686449874, 1728588.1288597027, 1673417.9614200867, 1371194.9942634404, 1574451.0775995117, 1559417.3010760006, 1909491.9368308105, 1626065.1544915377, 1719007.8409750995, 293023.28137571964, 1245300.5541990967, 1312838.9816437827, 1876028.9719505152, 1502121.6455923019, 1905577.5830287314, 3134660.9076053975, 2887973.5330877253, 1710270.4010059293, 851050.2865629982, 2704649.4803200527, 1849651.8324959404, 1415938.0632143933, 275584.7919572801, 2165149.200901108, 1392193.0657507058, 1773954.2139184535, 2275020.04761411, 2195633.454467113, 6039342.372676979, 646068.3986419247, 236831.42130789885, 1940390.7131417552, 1490918.5622033882, 752370.5927236815, 1542692.5820031897, 4179551.7247038186, 1024528.4386269818, 1696226.4371009173, 2428803.0736621884, 2516586.445957423, 1431992.1717211634, 1750973.970553425, 2449697.7299286854, 1180208.0831887433, 2019038.9330829156, 1965657.5298663778, 1975208.7633137943, 1412768.4730312403, 2721402.0369665897, 901401.0939876416, 1792189.0427158873, 1667111.6588700393, 1684884.3813193745, 929909.268847956, 1111272.7035690479, 2703778.6222858783, 2697657.3889053725, 2356208.232882142, 1211717.4938917423, 2698167.355162916, 2421785.45249836, 2543117.8132608877, 739001.2966516986, 2439520.724095038, 5948387.84933805, 2404834.3969899868, 575690.2832038279, 1233339.6026898578, 2550680.575317816, 2311283.2000945173, 1400156.6655472247, 1586371.995254985, 1966546.5412561782, 2843343.9156751805, 2752631.910742967, 2681574.7080296106, 2931221.3583872374, 1879774.9599190508, 2254954.2566851564, 1617761.5777216775, 2033440.0539093497, 1817458.2470197496, 2361672.757287487, 3211616.6892622453, 1154718.289522158, 1731865.656681063, 126053.05644891775, 1861935.0536641162, 2418705.559458695, 2360415.3070232547, 3443163.698211201, 975236.4526274396, 1597022.5310965972, 2852353.922544152, 454858.0073743861, 1481338.1315009852, 4157785.7172786617, 2565369.504975488, 1291487.4294797361, 2602273.3606510106, 876205.5547055963, 2384180.0588978333, 1507436.4424245697, 1795079.3058424364, 2200665.3280457677, 674867.2829985191, 2999974.2839209936, 2964733.9272105913, 2142113.0162117397, 2119138.6402208405, 830366.1150545538, 1910768.2253176812, 2186184.2373444983], [3510565.518511347, 1438493.0862090343, 1728000.1577933633, 2772398.664762634, 3105799.9603501526, 2387786.499099267, 0.0, 3422690.338513736, 3814309.3083727234, 2932786.842164337, 1339557.0852479378, 184391.75526871526, 3728352.2381181214, 3107666.348173984, 749820.3022626824, 1807726.5910885173, 3510852.10677642, 3071764.889730961, 3296284.5824087663, 1129454.5825158777, 2455220.2314159526, 2809124.6736162445, 2940971.174380132, 3351549.3947532, 2888654.519026588, 2254130.902584466, 1194566.9669986537, 1989980.075898136, 2797692.132946996, 2192370.9827817963, 2002087.5260828168, 3944654.5788118034, 1027605.1460946996, 1366839.0072592676, 1752157.467648185, 425264.62992685376, 1642958.5823203367, 1186201.4593876898, 2220154.213511549, 911255.8416119671, 995688.6904400903, 2572246.691206817, 747884.0310671459, 493411.05882015504, 4488198.4979297565, 2398439.095062349, 2585834.1485575074, 486002.07435791136, 2649674.3887036145, 2756178.1802903507, 3532558.6559199463, 1881167.448439688, 2018219.2127954478, 3944644.0623561866, 3245576.0286989235, 428977.06881662935, 3013198.428614566, 984627.8669258265, 190447.9081431577, 1778059.1465387067, 2890947.252514786, 1226737.110649598, 1195361.6393080081, 2750265.5702735274, 3671614.4838714683, 2584890.769180459, 3970343.944655908, 2393634.2214910444, 1932964.6503613275, 3029122.956878425, 3047516.03676481, 3548836.5544644175, 3430814.564509736, 1126036.3474728786, 2778402.7885445138, 526701.7049974083, 3554120.2093678205, 3627519.18186237, 2936715.009773956, 3567659.8371169884, 3637049.698805543, 860944.7492738041, 2013963.2897266587, 1819397.7872779919, 3272282.859145668, 3509238.756009203, 1351959.6288975638, 1384471.489702869, 3111909.8113129996, 3742912.448276825, 389352.3961201664, 3724313.6119966754, 3573942.3982947855, 3438891.010808569, 610442.3452577315, 821989.7889174103, 3438451.596723146, 3256896.3974316153, 754290.1196232772, 3992894.859397868, 2385599.654171992, 659195.900136176, 2411058.039682855, 1346341.848530948, 868696.4326214428, 895992.8205066121, 5580869.519824479, 1427505.1456901487, 3465168.462701146, 468571.25062800123, 2491936.6601361786, 1685686.6856385493, 1830666.936972154, 322444.781868091, 2374570.711205787, 3623498.4888116666, 2217007.220087306, 3313209.926701895, 3642108.098171155, 2782170.6074344525, 3039730.6203926173, 2075970.6582311299, 634837.1701808622, 584206.3500740429, 3593647.939377045, 3410149.848596911, 1884325.7437157196, 3579911.351279355, 1656720.827255185], [446213.16969134717, 2690164.805533476, 2271942.3443811894, 5400837.885217785, 927951.3742868435, 2167963.87224228, 3422690.338513736, 0.0, 891353.805341489, 1117796.2236660128, 2123615.2297886387, 3305485.0811786074, 577585.3820266392, 442834.31855260336, 3167925.204568516, 2594253.9806439183, 783727.5104782137, 446267.9871797152, 585832.5053358135, 2397938.120600889, 969853.8663063954, 678507.9301223996, 486433.5101922558, 708658.6141561602, 552519.880092873, 1947522.1699145015, 2426017.6955500687, 1458641.6799573707, 637104.2778769153, 1232041.8800446263, 1505538.4515220746, 1009607.6667893837, 3191224.8515681685, 3555519.992275059, 2816366.2163953255, 3846612.422731286, 1835938.7469466391, 3118800.334434536, 1995770.550123788, 3760628.702429914, 2739301.700695663, 859698.8323100717, 2818388.3057674435, 2968907.868005429, 7803519.502927738, 1552475.7608966003, 2012907.8322076264, 2968473.913952376, 819748.2056310853, 1447077.7872411134, 1095152.814425613, 4553763.753604252, 1546096.9655743828, 1712142.2178495778, 551142.4115944947, 3773341.165756809, 743494.1692744313, 3387531.6642182874, 3351681.0232552737, 1711435.1334574905, 585992.6418980379, 3733988.868781756, 3728136.35310694, 800858.2965298094, 595423.7680927045, 1274237.4554978972, 1542883.9706749788, 1031744.4187595006, 1505474.8852812406, 1412125.4642171613, 1164821.9514376766, 647475.4236976152, 734159.5551526594, 2577043.1277591614, 958558.9938031184, 3378895.8097207677, 263956.1481833333, 387161.9169807588, 1608459.6054485396, 280894.1328283818, 6088903.669187595, 3933731.361226374, 1888172.8512778513, 1650006.296085869, 683209.9662613707, 145083.1811352257, 3219123.1392425494, 2038227.8381620774, 310897.15229812486, 720474.3979594872, 3794254.9277547137, 524614.8345350148, 946342.3676179429, 431707.09060114477, 3678159.8093559467, 3046123.109836424, 208433.138199957, 366519.32826105534, 3844854.7256856486, 1088792.7137276975, 1176238.1440363992, 2990087.4691065387, 2288332.761619974, 3691845.790828418, 3948294.501361598, 3916815.0895964755, 2525681.7286614818, 2608841.6908114934, 898149.4451033127, 3749027.1264039367, 1713112.9278821764, 1738288.6795553656, 4602973.054762093, 3381532.733429756, 1116259.9670452268, 463516.92150115455, 1471580.3791100017, 417697.2002939203, 1372872.803031538, 641210.4607750288, 537988.8658130319, 1735879.160183771, 3799588.900319799, 3820571.0608632755, 278916.9219510086, 57842.46355034167, 1803475.484898927, 576089.5132621333, 1996225.7970865883], [464627.02065968275, 3373016.2067833794, 2990084.901008168, 5332998.478407733, 1816292.6410326774, 2999787.0752692004, 3814309.3083727234, 891353.805341489, 0.0, 1994681.1758110789, 2476150.6571215712, 3733394.609274554, 329800.10047863825, 832872.8217727641, 3389476.936398013, 3344050.606775397, 1647445.5280751716, 1286266.4285501486, 1476569.772018333, 2942268.47230993, 1556923.6680985994, 1442458.1538390163, 1105142.9153841785, 1595029.633289635, 1283939.7861613028, 2753272.405179258, 3009759.074594352, 2038729.316806352, 1181345.0407265057, 1775117.5278805085, 1815093.921643667, 141178.35215770476, 3333105.0446726996, 4216860.633516074, 3559321.793022431, 4235184.69401111, 2173482.4049593327, 3762434.53945507, 2797674.767687189, 4320777.246079682, 3319385.033743571, 1367348.0825655516, 3116214.3094424666, 3326546.8340708795, 8295407.875475343, 2360780.3921093117, 2867128.3515037, 3415205.9315310763, 1533561.573577372, 2311908.4881023583, 1962687.9638655223, 4576411.991827161, 2217561.613975478, 2542299.0924580884, 615247.3792467838, 4210604.467661773, 1614568.077993743, 3988653.256125925, 3703367.0304060774, 2307369.1888131364, 1042618.8150256248, 4357937.603205978, 4346829.424026722, 1587843.6841647576, 295998.07142810005, 2098892.0452379775, 2353591.919449696, 1543186.6909321912, 1920970.582178043, 2299677.0016635894, 2052073.1751826128, 303819.7937189785, 384749.1734177801, 2795923.2616303028, 1795614.2906921164, 3644253.4894409277, 630973.4130097467, 513065.019177137, 2491518.7571711773, 615546.0725707152, 5916703.198009178, 4458117.967337013, 2637366.9884024677, 2233714.5180544285, 548705.7721402314, 752566.4393984957, 3891559.5630430253, 2487402.063535278, 1033651.558709977, 172045.79565008247, 4150135.060322695, 392349.68290676933, 291654.43451704294, 1306879.1275402766, 4183185.7510328875, 3612435.1556157386, 1086269.4898214275, 1254528.577910786, 4358684.559029236, 213173.55869798665, 1902996.3417313145, 3509462.137995687, 3123867.223239614, 4340510.941149616, 4471969.637966415, 4452427.400465823, 2937786.420607038, 3284643.7686272888, 1771632.5345572347, 4054597.5965456706, 2549003.4608138995, 2224851.708054523, 4651157.529576885, 3697816.0559810027, 1798751.9459094969, 428650.66364485864, 2213613.873244867, 621065.5679636449, 2233327.582493046, 1246046.883835922, 855505.7546403974, 2481488.3091160697, 4062745.681326539, 4103329.137452126, 1071093.8885528988, 948759.351656465, 2496876.5372159006, 1413300.7031543262, 2196464.9521288765], [1531435.7408862484, 1828010.064873904, 1390038.738268734, 5373479.0857483, 228792.1963220799, 1090685.0844861905, 2932786.842164337, 1117796.2236660128, 1994681.1758110789, 0.0, 1891597.7088649662, 2775270.8352032225, 1693515.2949542287, 1258992.4391726258, 2939178.3173252726, 1629054.7659039367, 647954.57988734, 714724.8035018436, 583993.1839444073, 1804264.6271648307, 930214.3175310123, 661031.3377652278, 998921.9403465023, 539644.1968891383, 799441.5384048807, 929207.0967428319, 1761644.9120537895, 1079992.0502436664, 1037633.2449691917, 1058227.3703245304, 1547301.5564068244, 2120629.506371044, 3064934.8838909464, 2672166.2989784754, 1849407.857329841, 3325982.9331176733, 1709241.7756144386, 2285664.681675105, 980982.7365536491, 3008478.2214531503, 2039399.1515891177, 1058718.602663688, 2531609.5577052175, 2576774.694500322, 7017114.226101588, 584620.956318397, 908370.6171840533, 2446803.592004249, 700132.8270674464, 340338.2719413545, 599782.8994437342, 4460652.780979406, 933157.2706926689, 1109817.6212019674, 1492050.125777233, 3191196.068679411, 380462.78612349107, 2599600.469287537, 2924475.0589774274, 1193233.743429481, 1156143.9844987325, 2894464.479396502, 2896181.3341663065, 537437.2806460941, 1702722.7816362958, 348088.2082130983, 1073177.4657681528, 1065433.3979634156, 1391173.6447301437, 332131.5096445426, 137374.4552648276, 1717975.3840091266, 1750151.3190739662, 2438081.7014437616, 296887.11426743196, 3067445.3803802505, 1380635.0347121514, 1504066.816641203, 499828.58324298507, 1397922.9507058354, 6161330.917027474, 3221270.4368110937, 998806.9665124909, 1178610.938387429, 1629975.2637447813, 1262820.1376342725, 2336740.6659252867, 1678857.6618811842, 985847.091675675, 1828021.968540235, 3322107.6983782407, 1642177.365335158, 1985096.5973101372, 790570.0909758678, 3008289.110966864, 2336352.2938856753, 958926.8275705891, 753030.6075799277, 3152091.538043878, 2199568.7524040276, 641779.7950300853, 2357135.7473298837, 1202493.932856475, 2820033.0744097214, 3235996.696493488, 3189884.252924243, 2648167.5727152685, 1765768.663541034, 560626.857600657, 3348658.5864296793, 651300.7350529444, 1410222.506655127, 4474522.95793346, 3000315.9452628023, 744448.272324363, 1574767.5560130791, 716694.4047086849, 1412109.610977441, 746554.308635418, 952166.6368202707, 1302238.5986550644, 886213.1800866666, 3451852.4988686093, 3444939.0136018465, 1055977.9955743132, 1064019.4091507192, 1054965.166956957, 824890.4220529051, 2011381.5755729014], [2175268.4338055425, 1393442.4594374413, 1296133.8039230357, 3482100.855158287, 2004592.9034871645, 1859160.9259338917, 1339557.0852479378, 2123615.2297886387, 2476150.6571215712, 1891597.7088649662, 0.0, 1259521.7446400453, 2391502.5648023826, 1778761.3698254349, 1073943.2771625484, 1626244.1079749146, 2356193.4001753633, 1822857.7182405754, 2102897.3943766803, 708688.3161987795, 1183395.7818316114, 1572499.2581198737, 1637189.5290497837, 2187399.7847835068, 1619016.131407611, 1598949.512463445, 855655.7106255306, 814474.9596616506, 1487769.1676316555, 931162.1202526093, 662530.9818924326, 2607769.1642463305, 1173778.5139792687, 2014226.3145006713, 1742861.5699700576, 1762754.1716359255, 303413.77033718186, 1578171.3186666216, 1595139.4596829044, 1927908.1111595589, 1065843.610746377, 1263926.3727868043, 696891.8806491058, 858618.0179950504, 5820653.067746037, 1513494.7546003656, 1955246.8290650772, 954251.6361831051, 1416334.037759487, 1844973.254613431, 2459317.8973323526, 2572368.145088733, 994196.7905249302, 2996209.0759621277, 1907188.7638078772, 1735924.2526137792, 1847704.225718482, 1682064.6264271573, 1241482.749844588, 741697.3948034665, 1567317.1823124369, 2061922.8951624306, 2041912.6323184064, 1552332.241864622, 2333357.8377793087, 1576530.4989899814, 2963058.62637031, 1095865.8125316685, 618642.565662441, 2099645.1980222114, 2025697.6397918423, 2209304.0534546683, 2092119.0163707426, 548776.4479586035, 1657757.513520505, 1258971.4216740408, 2231322.680136017, 2297833.0005292096, 2091368.0760809802, 2243947.054983259, 4274088.524256146, 2023217.0025294006, 1295217.1390402, 729327.6007666482, 1932887.4942247209, 2196600.8749579038, 1762159.6797785813, 272971.8958256119, 1814482.290728124, 2403395.749566879, 1689174.4114912793, 2389653.315338746, 2241798.450928322, 2209686.423899718, 1740045.209971502, 1282876.60361069, 2168937.471975486, 2012594.9078412915, 1917785.0554279154, 2657972.095665302, 1257351.66155574, 1115941.9015127134, 1948445.9377519079, 2096114.9413110774, 2036111.029360134, 2027725.889090536, 4457632.540215076, 1310132.3388597795, 2343640.3715196066, 1626957.5428890476, 1705447.626664865, 481424.5569276798, 2592535.0619926923, 1259783.3457192122, 1190908.297234619, 2289190.5960916667, 1232724.951370505, 1979136.4097446902, 2638079.4237668356, 1485510.4195985168, 1706560.0012887348, 1250689.658031631, 1677336.2558877342, 1696955.837670243, 2323537.7543310947, 2118535.7989609577, 1051172.8182468563, 2371053.8895257893, 438828.4488324651], [3413420.21206605, 1254103.1321888275, 1548368.7558660398, 2955265.0289215706, 2953448.177949365, 2206001.2791021443, 184391.75526871526, 3305485.0811786074, 3733394.609274554, 2775270.8352032225, 1259521.7446400453, 0.0, 3632883.565172854, 3005834.700862385, 842048.8936006151, 1623335.6944286525, 3363036.7636979404, 2942527.976278983, 3155374.573509981, 971516.4222901013, 2335799.0660137767, 2679054.7581824115, 2827570.7182250503, 3205867.929780817, 2765363.4884627834, 2077355.0658678259, 1025262.0832261387, 1859854.424869576, 2687389.592760064, 2073444.778324877, 1918336.7675434514, 3866097.967877877, 1127590.072705275, 1222187.0495474683, 1569250.1002958817, 553585.6168829319, 1560574.6198050976, 1010986.1922699685, 2042445.0074220444, 822711.2446471702, 813876.6297533134, 2462687.3673347365, 744843.851402354, 467177.98218747944, 4562076.295793343, 2232857.329432578, 2406019.1710558776, 339008.53485156933, 2520231.7677204465, 2589270.8699651295, 3374855.954555654, 2060587.552901462, 1869893.6281298646, 3774705.513288387, 3153790.4673828934, 477320.85671147617, 2869717.832203235, 831999.9154863835, 318249.24177931657, 1636924.1533106032, 2786605.185320088, 1107806.6066890706, 1077528.0316318863, 2613716.130171426, 3578791.3496979848, 2427184.9401617707, 3804786.9537588805, 2281849.535702116, 1831636.5539520842, 2861716.748077453, 2887417.0779341673, 3461187.3515371373, 3348842.3827017103, 1123664.2627194556, 2630731.1710754526, 661822.6863307287, 3447028.3910740977, 3524831.485629495, 2764484.23643628, 3461072.278239714, 3819399.5144512737, 822648.3334247314, 1842925.7705875938, 1682778.6912080403, 3187799.7919612946, 3397122.990006638, 1182303.5011685216, 1271770.1556295576, 2995435.068098952, 3654802.1154180085, 555326.9851795607, 3626004.9307715255, 3501317.640796066, 3303665.6466095713, 545999.5376123416, 639649.1674746977, 3312281.2122608246, 3125654.6840509204, 712651.841176168, 3917140.765490991, 2242869.733814988, 475553.59496640484, 2227850.0304080206, 1216204.582601405, 832900.8875130325, 846257.7113095032, 5423020.55325694, 1243609.5423523476, 3313246.193699515, 652937.4536410999, 2319426.068450568, 1567683.7540630223, 2012506.6957751142, 462482.37375872344, 2239556.3513421565, 3524999.2120486926, 2061543.2528242266, 3215158.231658191, 3477467.76249462, 2667201.125349037, 2941548.8335472206, 1910458.8191021117, 817883.447469989, 768586.356003548, 3467004.897754285, 3290466.8094679774, 1722848.323473582, 3440256.227297369, 1610705.5419929856], [221644.2605330157, 3168266.213700318, 2768509.2492090147, 5426012.634857806, 1505404.1272312729, 2726227.1746246903, 3728352.2381181214, 577585.3820266392, 329800.10047863825, 1693515.2949542287, 2391502.5648023826, 3632883.565172854, 0.0, 637607.067502232, 3364707.7287131925, 3110286.8126875195, 1318916.4194669626, 998684.6792270393, 1157536.3127431439, 2790416.12144743, 1364831.305933587, 1185385.292282277, 877587.6425527594, 1271857.2037270926, 1032570.5746329847, 2491859.7703778604, 2843017.7236547875, 1861573.4439716341, 983815.6333852576, 1605501.3537854159, 1731636.2862073532, 434462.108740702, 3337477.4608924766, 4024563.5478324434, 3329341.2544663935, 4152898.0383798727, 2088896.8311888077, 3575871.0060002897, 2538224.9319321187, 4170932.4477184606, 3156331.467080007, 1194337.0300456304, 3060214.679553651, 3249920.4637231505, 8183791.516979775, 2096540.498373958, 2581186.5730049303, 3305159.6763435225, 1296449.4192504846, 2018881.139443317, 1634055.8218440588, 4633312.510046223, 2008565.763809727, 2213070.5330833695, 487008.5582925667, 4109229.117834278, 1316154.5351117235, 3820655.0256946716, 3631972.271698593, 2128567.562978103, 860559.4680277569, 4181913.060257403, 4172963.6639778153, 1325401.942373257, 79990.54946047747, 1825793.1507778387, 2025482.7213938404, 1377111.6981666812, 1801717.8906922818, 1989585.9499325366, 1742363.4894107424, 241929.65150711278, 403852.00378442375, 2765754.150912716, 1514975.0196066627, 3605160.653143428, 313632.1154802988, 190661.29326880138, 2185887.084058598, 296762.56517702807, 6048625.666332841, 4323318.548264651, 2400600.942278937, 2058490.9416807557, 503343.07843381906, 434110.898186356, 3693397.045611823, 2366703.310302751, 769582.8525448074, 161505.0367996861, 4079988.2780905776, 63184.31345424202, 497290.1413671122, 981440.0002578074, 4054918.0086990255, 3456683.3787955246, 763634.2940820588, 944066.8799071733, 4227703.514556003, 513407.9016108676, 1668427.5897066074, 3371737.422553173, 2848605.800125603, 4154010.470409313, 4337514.059825465, 4313073.657562651, 2695359.7928527896, 3082406.1013630065, 1444149.4722124382, 4003117.67546781, 2272261.233736368, 2085929.1626487295, 4699132.303067444, 3639864.246487142, 1579034.622677826, 125401.34658523083, 1976648.1472235322, 420072.11917208997, 1903880.854772306, 1033330.9951493662, 692362.0828458022, 2245223.3162916205, 4027398.1356663075, 4060815.0032532047, 741516.6083689447, 633535.6339198367, 2282134.3052736097, 1083711.9222038663, 2163265.999886756], [416122.2347651905, 2545402.8223852525, 2157672.575667816, 4972192.397005055, 1128994.0168315123, 2190087.9347221437, 3107666.348173984, 442834.31855260336, 832872.8217727641, 1258992.4391726258, 1778761.3698254349, 3005834.700862385, 637607.067502232, 0.0, 2789782.8810817893, 2511318.7016391726, 1132143.4704850602, 560608.1642623529, 872516.4938876865, 2152839.0297785425, 731960.5152214739, 635220.3071773628, 280602.7310753628, 1010847.5627772374, 476560.28402562387, 1932895.7913693385, 2206244.8930892777, 1225549.983596086, 351394.3171230766, 968053.2848618121, 1130145.6718342442, 973412.13499704, 2792034.8007265264, 3395891.4703237507, 2726450.9550556685, 3532882.615351933, 1479732.3457800238, 2944596.3317901883, 1975592.2986955852, 3533329.2154955855, 2519273.643834995, 556730.8431565802, 2461756.1345920297, 2636249.8078405103, 7549514.505722422, 1545338.7546130158, 2076386.6636570233, 2675232.0075734495, 705736.9011626372, 1543745.0074186353, 1419554.6370870897, 4136703.2233590456, 1387119.9337511489, 2062562.4791753537, 239631.71530915497, 3480898.270482987, 890476.0871318505, 3184564.835382678, 3019710.821352341, 1493352.1097163088, 222990.4799292955, 3547710.406323467, 3538224.061129398, 782733.8224203567, 597322.4666361687, 1297209.5131847062, 1913183.169418463, 739563.753263827, 1175109.337387164, 1586464.4975803848, 1346572.1633863633, 529092.7928395468, 507958.7739045189, 2192511.263442069, 1014116.8384232059, 3015978.310230035, 456982.5667202448, 519876.9641442142, 1755891.9108168408, 468126.46303070284, 5650645.744000816, 3686506.811116683, 1805402.7747477312, 1422383.7219990748, 371927.4941569089, 450140.09270424274, 3067281.4883264173, 1735817.5626078025, 289849.19966269017, 700147.9704087698, 3466809.734374007, 622856.1923409249, 742932.2740857637, 796090.2268016867, 3419186.715024233, 2819171.96946245, 608305.940962817, 634249.4671281535, 3591434.5159881427, 1045396.0298563975, 1071845.3869259325, 2735007.3724880996, 2315516.1502941446, 3523076.668549359, 3700737.1414822238, 3675826.067871768, 2968117.9744459665, 2458002.012680878, 1222088.409788797, 3402334.3951582704, 1746807.7215958498, 1450667.167586629, 4190754.6033157166, 3036297.412682419, 965905.7561379846, 522101.12746739155, 1382319.8978593864, 220280.59947299652, 1697609.6781386288, 413178.7578955646, 95281.58968489357, 1649598.0867544082, 3438693.0277942913, 3466337.367294678, 718238.4205254826, 473811.709266972, 1665308.0545027766, 969659.3571591339, 1598264.0063386848], [3159591.72664985, 1869878.7730651717, 2015636.4182010193, 2457129.395843642, 3068064.4520747205, 2674886.482385833, 749820.3022626824, 3167925.204568516, 3389476.936398013, 2939178.3173252726, 1073943.2771625484, 842048.8936006151, 3364707.7287131925, 2789782.8810817893, 0.0, 2217550.1310421666, 3428907.7358763786, 2892224.5135788317, 3176837.669624475, 1303735.8100131876, 2252223.16797991, 2645036.6172493137, 2684014.1638043104, 3260451.425707525, 2684293.309052902, 2470712.45793948, 1436294.651725486, 1877983.7047933515, 2531666.9238703605, 2004096.3284103933, 1664167.9352047706, 3508193.3782770033, 286321.7392225351, 2050256.3890607394, 2230490.1120936894, 1030847.9966703182, 1337117.5777064702, 1768802.6003413165, 2450433.7662793426, 1655053.7311102774, 1395264.7483641414, 2313488.545311179, 413303.86652344465, 514445.9520545715, 5025770.75560072, 2494340.7453462086, 2829948.813147183, 850197.748472912, 2489694.0791461994, 2846750.6787205082, 3520348.9082005336, 1533591.2261757131, 2012422.9072271748, 4028330.437858231, 2879124.338487542, 1147057.9599214299, 2919956.081871711, 1655787.7944789517, 559544.0259527374, 1750104.679403325, 2592734.5966891544, 1949771.5881212628, 1919558.6792584886, 2626011.784045746, 3298077.320976047, 2608129.918776686, 4011930.9814805267, 2155854.93705771, 1680095.163108988, 3113777.354397006, 3069484.948832586, 3156823.1322118063, 3018965.060639265, 599143.3176078844, 2722069.3214155105, 287280.2363795117, 3246743.111135799, 3298045.916559074, 3072041.178378758, 3257576.4820184354, 3284763.7424502284, 1608501.2546972192, 2182852.7515747133, 1760568.6320306293, 2874803.8007206316, 3226910.599822621, 1958224.4438688143, 1260375.1966281664, 2863708.3367681517, 3348208.785874807, 886197.7298781837, 3373037.668452241, 3122859.0454506925, 3280871.5907215234, 1359131.2713757437, 1372031.8404920655, 3229779.0532298703, 3081926.652243651, 1503118.9744927196, 3544996.5896063643, 2318246.2654090147, 1152618.9986185026, 2731177.791002529, 2055173.3176183682, 1615574.651664071, 1645347.9321812685, 5530797.743203116, 1824875.5684560135, 3412624.741196369, 711738.2281959497, 2648352.7555002947, 1541576.3639153687, 1537415.7300301846, 447638.6949263064, 2261639.5757599515, 3275518.4914049744, 2245015.9014669643, 2971782.6598784034, 3683475.9368652706, 2539754.54465498, 2707854.202126107, 2191075.765269392, 678116.2804918888, 730798.4936265212, 3383017.6475639762, 3168313.6699213665, 1981968.9799616763, 3444101.258319801, 1201464.894799393], [2902680.6735520223, 369238.76852811925, 379020.08118166844, 4569646.67479747, 1855745.3306771123, 664660.2565977711, 1807726.5910885173, 2594253.9806439183, 3344050.606775397, 1629054.7659039367, 1626244.1079749146, 1623335.6944286525, 3110286.8126875195, 2511318.7016391726, 2217550.1310421666, 0.0, 2275533.1985335457, 2149041.1515231836, 2182450.739639802, 971882.8560747174, 1804191.1979765177, 1928000.4021290578, 2241318.538173793, 2164573.230707973, 2077899.2064005376, 702630.59587145, 817267.1711793146, 1387405.157654186, 2166089.339116688, 1639268.505645251, 1905969.258120289, 3484267.047443671, 2464496.653048122, 1060251.5314471633, 223293.00519577353, 2085076.5551844225, 1726964.382221928, 753737.2973010715, 651046.7215969791, 1501276.7718065907, 835723.376862322, 2006003.9124833748, 1851589.4655810462, 1709042.0139014176, 5407298.267989506, 1064893.6900369676, 899095.6615631896, 1406376.3200287055, 1815181.2229312193, 1319898.831442909, 2154058.825695297, 3660162.991925823, 1144689.6874243882, 2359218.2403320544, 2737866.616926851, 1883654.1878339956, 1907523.520453977, 1088515.5386672188, 1898862.3262080355, 1153627.9248020195, 2308437.449825511, 1306776.146265734, 1314751.5679570655, 1794975.3158341134, 3090046.7094026553, 1346756.0725343616, 2447826.4399710647, 1854272.5454835119, 1689893.7027373859, 1547077.4740599222, 1685310.7523809995, 3040370.4764608312, 3000447.047772839, 2026832.4062687333, 1656558.1892090035, 2185932.427560573, 2826914.4461069335, 2941123.5993717397, 1377510.2293629602, 2844460.227293474, 5429416.319158368, 1742422.688061996, 709711.4379699818, 1228405.3499242256, 2839617.8708540136, 2729413.729227091, 739219.9815805804, 1370844.2444804402, 2342264.166998553, 3203925.308690739, 2150447.1812320175, 3075049.0700814216, 3221850.1954259486, 2381825.8212837386, 1604758.4604746893, 999104.7284851728, 2497438.6095960033, 2277475.238746179, 1702923.0447229724, 3556710.9933630615, 1443255.9211051604, 1151317.1354498314, 641445.5647364554, 1211408.4710465292, 1756153.1621552135, 1696984.0092301152, 4102393.5307229874, 394278.0237467177, 2176910.312267264, 2276245.2767557483, 990649.5181767215, 1400774.9504825054, 3623696.7607891825, 2027814.6993364664, 1546196.516188892, 2985013.7900468307, 1133763.7491285899, 2724727.6768730795, 2151926.9562598066, 2098196.7358400947, 2497450.4448090494, 865105.5626953231, 2437911.328248869, 2391877.076078398, 2626557.8109216625, 2553415.5875713113, 864792.7402467816, 2447467.962581748, 2031892.8022443347],